phi.bins: 
  default: 1
  options: [1, 2, 3]
  
transition.probability: 
  default: 0.0001
  options: [0.00001, 0.00009, 0.000095, 0.0001, 0.00015, 0.0002, 0.0004, 0.001, 0.01, 0.015, 0.02, 0.05, 0.1,  0.15, 0.2]
  
expected.CNV.length:
  default: 1000
  options: [100, 500, 700, 850, 900, 950, 1000, 1050, 1100, 1150, 1200, 1500, 1800, 3000, 5000]

readLength:
  default: 200
  options: [50, 100, 125, 150, 175, 180, 190, 200, 210, 220, 250, 300, 350, 500, 1000]
